---
### 2. Sample Data
**`data/sample_data.csv`**
```csv
Month,TV_Spend,Digital_Spend,Search_Spend,Social_Spend,Sales
2023-01,10000,5000,3000,2000,120000
2023-02,11000,5200,3100,2100,125000
2023-03,12000,5500,3500,2500,135000
2023-04,10500,6000,3200,2400,130000
2023-05,15000,6500,4000,3000,155000
2023-06,14000,6200,3800,2800,148000
2023-07,13000,6800,4200,3200,150000
2023-08,16000,7000,4500,3500,165000
2023-09,15500,7200,4800,3800,168000
2023-10,17000,8000,5000,4000,180000
2023-11,18000,8500,6000,4500,195000
2023-12,20000,9000,6500,5000,210000
2024-01,12000,6000,3500,2500,130000
2024-02,13000,6200,3800,2800,138000
2024-03,14000,7000,4500,3000,150000
